[Cylinder_Model]
ModelType = 0
ModelParameters = 0.000429 -0.003021 -0.999995 0.022885 0.022626 0.042622 0.020827;0.643805 0.000233 -0.765190 0.046096 0.023136 0.037255 0.020797


[Cylinder_Ransac]
NormalThres = 0.9
DistanceThres = 0.1
SupportThreshold = 1500
ResolutionThreshold = 0.02


[Cylinder_Query]
IsScale = 0
